1001992
1003405
1003985
1005948
1009947
1011592
1013165
1016685
1019255
1027685
1033829
1039092
1041323
1041835
1043362
1043891
1046525
1046952
1047687
1050709
1051302
1053063
1055715
1057678
1062816
1067482
1068086
1073739
1074236
1077999
1079043
1082076
1087976
1088441
1088979
1090307
1091008
1092141
1094416
1097606
1103445
1104058
1104228
1109288
1109612
1110051
1112114
1116382
1121104
1121423
1124336
1130170
1133104
1137638
1137826
1148168
1149997
1151952
1153174
1153489
1156505
1159191
1165099
1165834
1167786
1168791
1172397
1176708
1177232
1178605
1178716
1185344
1188865
1191968
1195727
1198014
1198319
1199594
1200882
1203424
1206329
1207454
1209389
1210417
1211436
1212646
1214357
1214767
1218838
1220137
1221402
1223874
1224839
1225401
1226128
1234322
1238936
1239429
1239803
1240448
1240500
1241727
1245392
1249344
1251630
1253393
1253727
1253764
1255396
1256076
1256293
1256368
1259475
1268238
1281861
1285039
1285134
1286853
1289582
1295685
1296094
1296716
1302494
1307884
1308626
1309593
1316368
1320937
1330918
1332818
1337416
1338113
1339744
1343507
1351101
1351677
1355529
1356738
1358512
1358530
1359111
1362479
1362998
1370061
1372567
1372969
1375587
1376375
1378309
1380846
1383927
1385103
1391252
1392187
1395005
1401585
1402023
1405448
1406183
1407783
1409341
1410940
1413645
1414064
1414336
1416369
1416913
1417540
1419072
1423827
1424280
1435182
1435701
1435933
1437538
1438453
1440457
1440819
1443447
1443915
1447439
1460245
1464020
1468227
1469508
1472210
1472306
1472586
1472889
1476217
1476465
1476825
1481491
1483980
1488048
1488106
1489535
1489796
1489812
1490948
1491191
1495238
1495312
1496728
1497641
1499816
1500155
1501125
1502421
1504610
1506222
1509574
1509841
1510873
1519545
1523745
1527687
1528569
1539048
1546586
1549309
1549455
1550344
1552276
1552635
1553239
1554697
1567257
1574279
1576043
1576216
1579032
1580150
1584903
1588818
1593506
1595125
1595885
1597905
1598018
1599038
1599645
1601968
1606792
1607364
1612204
1612695
1616352
1618378
1619645
1620307
1621094
1623670
1628003
1628707
1629882
1631218
1631684
1631928
1632776
1634570
1634856
1635836
1636194
1637124
1643916
1644829
1650388
1656670
1662721
1665161
1665243
1666113
1666411
1668545
1670630
1672211
1673458
1673757
1680765
1684663
1689751
1705124
1705273
1705708
1711244
1711586
1713173
1714352
1715712
1716837
1719235
1722672
1723452
1725340
1736395
1743222
1744138
1749159
1750414
1751245
1753495
1754354
1754425
1758094
1761151
1771027
1772709
1773630
1774726
1775939
1776439
1779294
1781990
1783027
1785669
1785828
1786502
1787438
1791526
1795998
1796276
1797843
1811542
1819169
1823327
1824926
1824991
1827063
1841148
1842192
1843253
1843500
1848365
1849216
1850956
1853954
1856024
1865607
1867499
1868184
1872999
1875077
1876870
1882888
1883634
1888631
1896490
1897453
1898432
1905841
1907772
1909112
1909339
1911941
1923239
1924854
1928104
1937174
1937417
1937478
1941690
1946002
1946614
1949530
1950252
1954956
1956740
1958124
1962798
1964193
1964324
1964556
1969048
1970785
1981597
1985415
1986333
1989403
1990268
1991866
1992385
1997978
2009801
2010149
2011139
2016303
2018750
2020866
2028736
2032842
2039223
2042328
2045403
2045668
2048673
2049318
2050238
2053308
2057951
2059477
2067330
2070859
2073555
2081976
2087342
2089679
2096362
2100629
2101154
2104636
2105147
2107006
2109360
2113670
2114746
2115408
2117535
2120330
2126253
2129878
2130622
2130725
2134360
2135050
2135202
2137207
2145349
2153938
2158232
2160311
2162395
2162465
2175503
2177661
2182057
2183028
2188239
2191950
2194653
2195012
2196251
2197573
2202628
2207777
2207942
2209027
2210383
2213526
2216312
2224665
2227386
2228978
2230760
2234012
2234336
2241695
2241952
2251718
2252464
2256035
2256186
2256568
2257268
2257666
2260051
2260581
2263546
2263704
2269247
2277520
2280488
2287443
2289826
2291681
2292012
2297083
2299652
2306010
2306962
2310948
2311266
2311589
2315908
2316681
2326043
2332436
2334247
2339783
2340739
2343155
2344950
2352287
2353926
2359049
2367356
2369640
2371887
2373209
2374766
2376187
2377150
2379920
2384376
2395868
2402053
2405666
2407484
2408031
2408124
2409508
2413171
2417744
2420014
2423456
2424140
2424610
2435540
2438550
2441744
2442271
2443108
2452802
2458671
2458911
2461943
2464322
2464438
2468292
2468369
2471535
2474634
2475915
2476130
2478624
2482225
2483472
2485927
2488755
2490812
2494707
2498350
2498470
2499804
2503005
2504713
2506571
2510751
2513223
2515464
2524197
2524322
2526409
2530521
2534014
2535375
2535597
2539995
2541677
2542539
2543071
2543345
2544035
2544377
2545034
2545699
2553136
2563865
2563969
2564123
2567500
2568557
2573127
2573832
2578205
2578558
2578604
2578677
2578895
2580988
2586839
2590586
2596641
2598723
2598757
2599451
2600515
2607530
2616548
2621704
2625585
2625811
2626035
2627456
2628570
2629510
2630590
2633309
2634638
2634752
2639442
2640626
2642945
2647139
2651683
2652422
2655773
2655831
2656030
2660441
2661347
2661359
2662456
2665057
2667245
2671666
2672465
2674116
2678061
2682660
2683975
2687535
2690567
2693279
2695449
2700165
2701516
2705326
2714442
2716847
2719350
2724045
2725774
2731589
2731762
2732026
2733367
2733853
2734527
2734959
2739155
2740719
2745637
2755167
2756446
2762532
2766958
2768012
2769010
2774832
2775672
2775769
2775986
2776044
2779987
2780704
2783900
2784742
2785676
2789843
2790155
2791702
2797718
2800352
2803978
2805056
2810262
2810866
2811342
2811708
2814745
2816977
2819043
2823736
2824976
2825227
2833139
2834686
2834955
2836145
2839498
2842854
2843865
2844263
2846912
2847963
2851909
2853142
2853795
2854787
2855872
2856676
2860627
2866408
2872561
2872665
2872750
2873669
2880852
2884643
2884715
2888599
2894614
2898544
2898650
2909700
2912597
2913213
2913625
2914480
2920589
2928127
2929369
2930023
2938451
2940357
2941106
2943278
2943440
2947022
2948100
2948590
2953504
2953577
2954152
2955542
2955647
2961745
2966606
2969920
2971262
2973885
2975245
2981942
2983403
2984232
2987474
2990556
2990602
2991148
2993898
2996087
2996353
2998748
2999641
3005247
3012723
3014961
3015552
3017594
3018354
3020900
3024834
3025625
3026052
3027309
3027401
3034347
3034775
3035260
3036019
3037409
3043947
3045338
3047617
3053655
3060060
3062812
3063106
3064419
3069887
3080005
3080647
3082238
3083692
3085246
3088258
3090334
3102055
3102386
3103237
3107292
3108697
3112228
3114995
3121207
3121373
3121687
3121834
3122532
3122900
3125919
3133809
3135239
3136604
3136900
3137019
3139625
3142541
3143136
3144473
3152713
3155272
3159695
3172399
3176311
3180234
3184777
3185969
3189028
3189052
3190318
3191414
3193365
3194491
3203285
3203602
3204450
3205106
3207857
3207944
3208488
3210109
3216984
3217307
3218811
3222472
3226639
3233091
3233918
3236721
3237508
3256099
3258810
3262799
3265321
3267020
3267132
3268985
3276285
3277188
3282062
3283170
3284355
3285180
3288554
3288657
3289518
3290137
3294818
3302564
3302701
3304539
3310830
3315902
3319698
3324851
3325548
3330093
3331594
3335677
3340456
3341348
3341355
3341491
3341706
3341808
3342559
3354772
3355852
3356728
3360086
3360519
3361251
3365838
3368287
3368551
3374125
3375739
3376637
3378475
3379168
3381867
3384259
3386639
3388344
3390521
3394172
3395446
3395948
3401245
3401531
3407527
3410019
3411067
3413726
3414673
3417711
3423894
3424645
3425722
3426776
3428143
3432459
3436329
3436473
3437804
3441318
3445768
3446169
3452142
3452417
3456659
3457312
3460656
3466649
3470084
3473741
3474985
3478516
3488588
3488921
3489740
3493627
3494235
3495276
3496902
3496916
3497677
3498966
3505166
3505404
3507952
3513704
3515060
3519128
3521964
3522111
3526310
3526545
3527473
3528253
3529468
3530056
3530203
3530755
3531099
3531281
3533333
3535623
3547071
3548366
3551841
3552547
3554998
3556611
3560877
3562921
3564551
3569685
3571904
3573207
3577137
3579979
3591019
3591357
3592545
3593078
3594561
3595361
3596372
3607058
3607133
3613186
3619185
3619838
3621111
3621490
3622196
3624506
3635201
3637812
3638738
3648695
3652383
3653994
3655507
3657314
3659914
3660055
3664286
3666864
3669736
3677227
3678398
3679785
3682725
3696032
3702503
3703566
3704784
3707803
3714740
3722290
3724887
3726707
3727768
3731840
3738164
3739066
3740261
3740874
3748686
3751267
3751803
3756665
3763224
3763760
3765039
3768677
3772108
3777352
3779815
3780615
3782810
3786244
3787428
3787452
3788072
3795225
3795330
3798601
3800555
3801909
3810558
3814883
3817500
3818382
3822542
3823252
3832649
3835128
3837281
3840206
3843469
3847749
3851249
3856977
3857877
3858916
3861536
3862395
3866067
3868931
3869862
3871384
3876493
3878517
3880275
3882409
3884344
3885721
3890874
3898716
3899415
3899858
3904023
3904363
3907842
3920637
3920682
3923850
3925763
3928188
3941340
3945926
3957209
3962136
3962445
3963368
3966271
3968983
3971696
3980071
3985485
3987808
3988350
3991839
3992485
3992846
3996636
3996655
3996775
3997692
3999432
3999444
3999695
3999829
4003658
4010443
4014560
4018538
4019514
4032596
4034533
4043950
4044575
4049477
4053931
4055085
4058409
4058445
4062712
4067370
4067996
4069305
4072601
4072703
4074382
4074473
4077960
4078022
4083295
4085728
4087436
4089204
4090197
4090463
4091117
4091135
4091659
4092940
4093597
4095308
4096893
4097273
4097816
4098123
4100685
4103932
4106076
4109161
4111555
4112594
4113737
4120405
4124237
4124561
4125407
4125442
4137308
4138253
4138517
4139754
4140705
4143528
4150387
4151401
4152252
4152867
4153792
4155188
4157637
4159816
4162013
4162484
4162876
4172023
4172575
4175059
4176751
4184050
4189957
4195972
4198134
4198183
4200785
4201481
4201987
4210189
4212080
4212908
4215624
4221624
4222322
4223984
4224146
4225782
4235718
4236987
4241279
4241435
4246672
4246998
4247455
4248531
4250109
4250991
4251336
4252173
4252502
4252625
4252776
4253545
4255579
4256244
4256893
4261132
4263285
4264418
4272796
4274085
4274176
4278651
4279502
4279516
4283297
4284662
4286631
4294397
4295536
4300759
4309325
4313082
4327799
4339331
4340239
4340458
4341961
4343688
4345973
4346003
4346977
4347326
4354880
4365318
4377013
4379289
4379440
4380988
4382335
4387486
4393930
4393949
4394534
4394733
4399394
4400470
4400826
4400965
4401930
4406138
4413408
4415456
4418101
4418319
4418363
4421903
4427444
4430859
4434327
4438245
4440025
4443825
4448928
4449801
4452436
4453373
4457404
4459022
4464483
4464961
4468712
4469496
4472625
4475600
4476462
4481215
4485055
4486127
4486151
4492072
4493033
4493215
4496405
4497310
4503125
4506019
4506226
4518337
4521149
4521711
4525181
4527570
4528077
4531007
4531232
4531275
4535524
4545433
4547268
4548177
4551460
4554571
4557292
4558530
4564069
4566761
4576053
4576375
4578938
4579883
4580549
4584913
4587875
4588620
4591678
4595399
4597129
4598759
4601931
4603836
4612401
4615367
4615841
4617258
4620202
4624594
4624672
4625370
4625725
4626323
4629376
4632449
4632904
4634314
4635929
4640523
4640540
4642190
4647036
4650377
4650547
4652128
4652615
4654403
4659722
4662230
4663278
4665925
4669977
4671428
4671708
4672484
4676939
4678232
4681991
4682672
4686518
4687695
4692902
4696196
4697919
4698962
4703339
4706250
4706616
4710274
4713427
4715358
4720167
4720833
4729189
4731117
4736388
4736835
4736878
4737618
4738828
4740752
4759382
4761781
4765976
4768980
4769965
4770818
4771546
4774799
4781155
4781338
4786010
4788477
4791300
4793212
4795194
4801325
4803718
4804760
4807560
4811068
4812592
4815658
4825047
4839396
4844209
4848339
4854658
4859866
4863980
4865531
4865848
4867782
4870290
4874286
4874859
4881701
4883584
4890350
4891104
4896649
4901675
4901982
4906085
4906134
4906991
4907046
4910797
4913244
4914633
4919691
4923282
4924093
4929317
4930830
4931021
4934498
4937296
4938017
4939446
4942606
4945348
4946390
4954989
4959357
4959652
4961314
4966866
4966882
4973670
4975396
4977084
4979616
4981556
4982429
4984863
4986153
4987833
4989614
4990489
4991657
4992689
4999978
5006964
5007436
5010266
5010413
5016632
5018236
5021314
5021780
5024436
5025259
5026525
5027207
5032335
5036257
5038413
5040975
5042164
5043257
5044541
5044553
5046166
5046835
5048596
5051467
5052531
5060507
5061273
5062072
5062099
5062207
5063059
5064752
5067369
5072753
5072782
5073414
5076712
5080104
5082144
5084599
5084823
5096169
5097819
5100162
5101412
5102071
5104393
5105695
5108597
5117017
5120240
5120435
5121606
5123221
5124331
5127050
5133942
5139555
5140834
5147769
5148050
5154397
5155039
5156581
5159998
5162109
5163512
5164027
5164723
5166435
5167260
5168938
5171798
5173961
5180737
5184165
5193795
5195234
5196485
5197172
5200628
5204417
5208250
5211566
5213609
5214410
5215101
5215249
5217252
5217977
5219055
5224810
5225488
5231050
5232293
5233023
5233040
5236001
5236386
5240143
5240672
5247153
5250610
5252837
5254390
5256020
5257594
5276104
5282803
5287338
5290446
5290733
5295735
5296213
5297456
5300337
5302605
5305220
5317787
5324811
5327907
5329410
5331853
5337802
5338982
5340343
5340906
5346181
5348812
5348942
5351402
5352847
5353185
5357547
5358410
5358841
5361557
5363929
5365117
5365525
5366476
5368070
5372449
5378515
5382349
5384709
5388141
5390241
5390499
5392890
5397563
5397647
5403938
5404965
5407885
5409268
5413574
5417176
5421828
5440704
5441694
5442787
5442838
5445505
5446165
5451156
5455887
5457436
5461285
5470351
5472403
5475206
5477359
5478419
5479137
5479933
5480353
5481573
5483017
5484309
5487953
5491347
5491384
5491710
5493755
5494633
5496936
5497557
5498907
5498990
5506401
5510034
5513330
5514892
5516569
5516794
5516859
5517137
5518821
5524121
5527569
5531270
5532790
5535687
5536625
5539286
5543745
5546779
5563927
5567797
5569329
5570049
5573294
5577041
5578244
5580561
5584195
5586225
5587556
5589454
5589948
5591901
5593814
5596601
5599221
5600085
5600524
5601945
5604423
5609110
5615089
5620897
5626919
5629090
5631314
5631573
5633940
5637048
5638558
5642617
5643027
5643620
5644340
5644551
5644902
5646022
5651766
5654198
5656824
5661284
5662541
5664003
5664315
5670089
5670377
5672567
5673166
5693669
5695189
5696460
5696884
5697331
5704129
5704291
5707641
5708465
5709935
5717319
5717558
5727780
5728576
5737347
5737359
5741180
5742048
5742114
5742644
5750522
5752710
5753802
5754184
5755379
5757556
5758362
5761552
5762038
5763004
5763039
5764048
5764114
5769250
5771074
5775021
5776779
5784684
5787693
5788873
5794664
5796393
5798581
5799058
5801825
5805205
5805307
5808020
5815888
5816723
5817845
5818868
5819582
5819613
5820016
5823167
5826778
5827706
5831509
5832439
5836217
5838120
5842079
5848714
5849329
5851661
5853327
5855620
5855659
5855945
5860106
5860915
5863540
5863622
5864532
5875592
5876439
5879721
5880138
5882654
5882738
5885596
5885700
5887536
5890574
5893126
5896756
5905527
5908396
5911816
5914130
5916678
5916950
5916996
5919481
5920516
5924380
5925935
5926784
5929433
5932079
5934948
5937734
5939579
5943419
5950197
5952520
5953534
5955514
5956462
5965165
5967271
5971026
5971848
5972132
5975779
5976057
5976715
5981776
5984715
5985843
5987726
5990228
5992288
5994499
5999347
5999414
6003277
6004485
6004893
6008825
6010216
6012224
6016306
6016959
1001869
1002073
1002161
1005029
1007278
1010998
1011168
1011195
1013274
1015117
1018303
1022559
1023303
1023716
1023948
1024927
1025171
1025449
1026025
1028072
1028691
1029631
1031084
1031237
1038371
1039172
1040899
1041748
1042478
1043957
1045295
1047459
1048961
1049406
1051570
1052474
1053418
1055591
1055802
1057813
1060137
1060194
1062868
1063278
1064454
1066233
1067377
1068475
1071445
1072754
1072937
1075964
1077967
1080665
1080919
1081751
1083031
1083802
1084184
1084725
1085549
1085683
1090604
1090696
1090833
1092586
1092736
1093284
1098168
1099542
1099695
1099740
1101145
1107928
1108663
1108776
1109702
1110285
1110757
1111172
1112809
1112929
1113270
1115769
1116449
1118141
1118287
1119322
1120752
1122442
1123846
1125363
1126560
1128103
1128158
1129518
1131626
1132390
1132483
1133672
1134303
1136892
1138073
1138336
1138909
1139506
1140057
1140460
1141435
1142392
1142450
1143021
1145151
1147413
1148622
1151976
1155848
1156947
1159311
1161851
1161864
1162654
1163894
1169319
1170667
1172294
1173179
1174932
1176802
1178053
1179810
1179826
1180433
1182491
1184014
1184445
1186229
1186467
1187076
1189269
1189564
1190252
1190678
1192206
1195247
1195271
1196239
1197179
1199222
1200841
1201434
1202495
1202687
1203241
1205121
1206370
1207511
1208063
1208780
1209653
1211002
1211144
1211191
1211679
1212087
1213538
1214611
1216078
1217134
1218807
1221072
1225020
1228189
1229209
1229514
1230011
1233238
1235491
1238358
1238948
1239832
1243205
1244102
1244824
1246364
1246722
1248236
1248832
1250729
1250794
1251214
1251344
1252772
1253653
1257311
1258087
1261491
1261934
1263630
1264302
1265707
1268539
1268644
1270700
1271584
1271965
1272556
1273026
1274639
1274677
1276750
1278247
1278425
1278749
1282454
1285580
1286313
1287539
1287700
1291998
1292773
1293203
1293314
1295618
1295696
1297032
1297635
1302711
1304769
1305209
1305962
1308036
1309864
1310124
1310868
1313216
1314106
1316986
1318617
1318855
1319250
1319426
1319740
1320658
1321619
1322590
1325310
1326535
1326886
1327440
1327570
1327624
1328840
1332627
1332630
1334413
1335555
1336475
1336779
1336788
1336945
1337994
1338180
1339254
1339775
1342044
1342168
1343757
1344697
1347018
1347393
1348045
1348246
1349662
1351989
1352521
1354198
1354267
1355045
1360665
1362293
1363604
1370783
1371912
1372152
1373835
1376597
1378016
1378750
1378938
1379883
1380609
1389498
1389506
1391464
1391977
1400038
1401123
1404630
1404649
1406814
1407734
1407810
1408808
1408841
1409719
1410201
1411254
1411541
1412039
1413074
1414519
1414574
1417382
1417904
1418886
1419386
1422700
1423103
1426486
1428108
1429501
1431463
1433922
1435780
1436416
1437122
1437731
1443179
1449224
1449663
1450219
1450811
1452355
1453774
1457680
1459959
1461141
1461203
1461232
1462070
1462821
1463470
1465991
1466313
1466581
1467585
1472194
1472598
1473730
1476143
1476541
1476672
1478276
1478790
1483948
1484636
1485234
1490142
1490936
1491413
1494232
1494496
1495852
1498289
1498479
1499199
1501223
1503284
1504518
1505914
1511322
1511354
1514211
1514824
1519119
1519686
1521063
1521772
1522804
1525220
1527562
1527675
1529613
1529927
1530415
1532268
1532378
1532730
1534086
1534983
1535868
1536223
1537120
1537449
1538718
1539860
1541837
1543818
1551578
1552506
1553469
1554038
1556595
1556711
1557197
1558034
1562658
1566209
1567008
1567583
1573912
1573949
1575436
1578538
1579635
1580874
1581449
1584572
1585740
1588552
1588967
1589318
1589638
1590809
1592469
1592882
1593600
1594737
1595795
1596144
1596578
1597515
1598831
1601439
1602029
1602358
1607433
1609371
1609488
1609667
1610495
1611035
1615716
1617699
1618109
1618555
1619767
1621627
1624219
1625988
1627830
1627938
1629122
1629740
1631410
1631740
1632280
1635622
1639016
1639448
1639762
1641177
1641856
1642317
1643081
1643817
1645023
1645079
1645374
1647133
1647353
1653052
1653807
1653973
1654924
1656021
1656393
1657584
1657923
1658757
1659880
1659943
1660912
1660998
1663312
1664629
1666510
1666639
1668231
1671095
1671777
1674861
1675349
1676760
1678582
1678775
1678912
1683956
1684186
1685143
1686228
1688194
1688916
1690110
1691018
1691599
1691694
1691969
1694719
1696055
1696658
1697633
1698105
1698992
1699400
1700979
1706771
1708942
1710353
1711115
1711331
1712489
1715798
1717106
1717225
1719758
1721021
1722139
1722222
1722508
1724579
1725512
1725893
1726179
1726305
1726834
1727458
1730575
1730961
1733216
1734929
1735201
1735752
1736034
1738742
1738880
1740527
1741970
1744435
1746407
1746641
1746712
1748808
1760274
1762458
1762934
1763790
1766981
1768111
1768823
1768888
1771380
1772112
1772642
1774118
1777650
1779383
1780612
1781750
1782449
1783262
1784443
1784713
1785982
1787354
1787932
1788479
1789510
1790178
1790426
1792207
1794350
1795791
1796635
1797214
1802689
1805577
1809526
1810926
1811239
1812559
1813053
1813924
1814076
1814359
1814371
1814648
1814680
1815184
1818055
1820371
1821904
1823468
1823675
1824317
1825218
1825815
1826741
1828733
1831149
1832250
1832432
1835493
1838629
1841113
1841816
1842351
1844299
1845998
1848817
1853922
1855450
1855683
1858674
1858887
1859240
1860230
1864131
1864219
1864330
1864603
1865236
1865906
1866028
1866874
1867345
1868880
1869841
1870252
1870523
1870962
1871115
1876030
1876815
1877219
1878286
1879118
1880127
1882317
1884458
1887473
1888352
1891312
1891778
1892205
1894901
1895956
1895974
1898135
1900856
1900863
1901867
1902311
1903687
1905491
1906532
1907462
1908435
1908627
1908630
1909377
1911484
1913890
1914214
1916463
1922918
1923367
1924462
1925596
1928384
1931319
1933640
1933805
1934803
1935636
1935667
1938314
1941803
1942030
1942355
1942945
1946068
1946455
1946657
1946864
1947986
1948501
1948903
1949275
1953318
1955152
1956154
1956469
1957055
1961423
1962393
1963573
1965180
1965604
1968718
1970328
1970688
1970718
1971202
1971536
1972881
1972890
1973643
1974635
1975652
1975947
1976386
1977146
1977189
1978127
1979627
1981231
1981583
1982971
1984373
1985783
1985797
1987679
1987704
1987938
1990524
1992711
1992728
1993279
1994177
1994732
1995579
1996984
1997212
1997685
2002833
2003744
2004673
2007046
2010248
2012969
2015227
2015650
2015794
2017635
2018546
2018886
2019080
2020250
2021428
2023455
2024482
2024906
2025150
2026058
2026836
2027716
2029018
2032553
2038267
2040912
2041646
2041880
2042266
2042499
2043157
2043349
2044039
2044865
2045372
2046820
2048877
2050416
2050596
2052193
2053451
2054729
2055265
2055310
2056311
2057320
2058361
2059817
2060790
2062265
2062597
2062850
2065798
2065888
2066602
2068946
2072817
2073670
2080975
2082494
2084200
2084680
2085464
2088123
2088518
2088610
2089743
2089750
2089785
2093049
2093934
2094477
2094780
2095543
2096832
2096988
2098011
2098177
2098293
2102272
2102482
2104395
2104672
2105228
2105899
2107639
2111082
2112226
2112527
2116594
2116758
2116881
2119444
2120242
2120675
2122146
2125560
2126084
2127217
2129194
2129496
2129551
2130592
2136030
2137188
2139594
2140326
2141762
2141907
2143882
2143909
2146164
2149363
2149847
2150684
2151794
2152242
2153033
2153554
2154255
2154547
2155028
2158609
2159865
2163685
2164689
2165323
2165388
2170734
2175273
2176041
2180920
2184417
2184720
2187198
2187429
2190139
2190414
2191486
2193626
2194958
2195135
2198070
2198612
2201999
2202683
2204550
2207282
2208763
2208939
2209542
2209779
2211442
2212508
2213079
2214473
2214486
2214707
2215287
2215984
2216327
2218607
2222446
2222804
2223280
2224309
2224718
2225567
2225670
2228006
2228113
2228575
2230533
2230776
2238132
2238500
2241458
2243053
2243454
2244515
2244636
2245087
2247820
2249436
2250422
2250534
2252276
2257879
2258028
2259251
2260324
2262055
2263241
2264022
2264339
2264482
2264663
2265758
2266588
2266943
2267066
2269419
2270835
2271433
2277619
2277642
2277709
2277931
2282721
2286079
2289923
2290123
2290416
2293171
2293985
2295344
2298474
2298580
2300100
2302001
2302312
2303071
2304516
2305710
2305856
2308108
2308512
2309958
2311796
2312514
2313684
2314244
2316520
2316858
2317764
2318930
2320074
2322434
2322715
2323863
2324818
2326134
2327022
2328336
2328380
2333495
2336249
2337968
2338094
2340413
2340500
2343065
2343088
2344588
2344855
2345258
2348547
2351082
2352063
2352968
2353682
2358276
2359997
2360892
2361487
2361581
2362988
2366007
2368809
2373069
2375015
2375223
2375310
2375733
2375972
2376309
2376578
2376805
2376907
2379090
2381074
2382375
2384692
2384827
2385814
2386602
2389104
2389537
2393379
2394616
2395205
2396528
2399518
2399610
2399761
2399860
2401530
2402901
2403559
2407157
2414946
2415344
2418865
2419166
2420136
2420212
2421156
2423419
2423926
2424789
2425466
2428848
2430233
2430501
2432728
2432858
2436485
2436799
2437526
2438834
2439016
2439059
2440482
2444262
2445136
2447742
2448360
2450323
2451351
2453423
2454843
2456694
2457494
2459010
2461412
2461693
2464407
2464958
2466180
2466227
2466643
2469201
2469429
2469571
2473296
2473829
2474485
2474652
2480313
2481650
2481685
2482717
2483169
2485052
2487214
2493136
2494781
2495210
2496420
2501981
2502622
2503380
2504530
2505484
2506054
2506891
2511695
2512887
2521353
2522805
2525475
2529089
2529607
2535552
2536864
2538322
2541544
2544619
2545856
2546880
2548767
2549111
2550500
2551567
2552222
2553452
2553532
2553604
2554654
2555889
2556072
2557154
2560445
2561190
2564327
2565385
2566515
2569469
2570738
2574401
2576757
2577131
2577140
2578092
2579553
2579624
2581254
2581732
2582555
2584399
2584829
2585868
2587069
2588103
2589459
2592946
2592993
2593118
2593594
2595500
2596096
2597559
2598030
2599228
2600302
2602175
2603114
2604050
2604361
2604798
2608107
2610115
2610724
2612884
2613150
2613423
2613874
2614190
2614489
2616018
2616814
2617151
2619228
2620265
2620605
2621241
2621851
2623336
2623403
2624323
2626810
2630073
2631460
2631618
2632675
2632722
2634663
2634709
2635371
2640982
2644753
2646704
2649477
2660709
2663038
2664556
2668126
2669550
2672254
2675108
2676746
2685321
2691367
2691853
2694009
2696025
2699103
2699158
2704737
2707825
2709129
2710457
2714694
2716715
2717551
2718716
2725693
2730583
2732252
2746671
2747687
2751582
2753971
2759539
2760421
2765981
2768204
2772793
2774520
2776848
2778042
2780095
2780455
2781259
2782261
2782594
2788453
2791784
2793474
2807556
2808236
2811715
2818609
2818835
2819814
2822629
2825205
2830736
2836666
2837466
2840014
2846775
2849221
2854529
2859071
2867536
2869741
2870118
2872282
2873675
2875894
2876532
2880669
2880982
2883228
2893832
2900656
2900674
2901384
2903137
2904336
2906142
2909789
2911090
2911443
2911846
2912310
2912877
2913385
2913858
2913914
2921062
2923476
2926055
2926157
2927525
2930558
2931358
2932074
2935728
2939027
2939671
2941929
2941966
2944673
2953521
2958400
2963341
2964356
2966942
2978700
2979345
2987481
2989363
2990928
2993743
2993873
2995440
2996184
2999039
2999183
2999608
3006853
3007263
3007349
3009185
3010157
3011745
3013774
3014677
3016311
3016812
3020935
3024179
3024281
3033999
3038080
3038192
3038330
3040776
3041414
3045820
3046174
3047252
3053951
3054698
3056145
3059211
3059939
3062762
3066006
3068125
3081766
3083309
3084752
3097695
3100403
3105710
3114652
3115398
3119741
3122766
3127000
3129514
3129540
3130636
3132413
3137512
3141932
3144209
3147146
3152736
3156775
3158790
3173592
3177488
3181340
3185786
3186602
3192393
3193421
3193660
3194928
3198561
3205256
3205518
3206810
3215872
3218970
3220139
3221921
3225012
3227232
3227439
3228094
3229248
3229568
3233211
3233707
3234696
3235980
3236522
3239042
3239645
3240829
3241092
3243253
3248995
3251145
3253802
3256746
3257882
3258844
3260445
3262182
3263176
3264416
3277669
3279672
3287010
3287824
3292737
3297343
3301082
3301821
3303145
3304845
3309909
3313227
3313868
3314654
3315564
3317706
3322560
3323396
3327420
3328092
3330377
3330810
3332438
3333683
3334837
3337774
3342826
3344395
3345075
3345790
3351328
3359587
3363480
3364299
3373118
3377584
3378239
3379102
3379725
3381211
3383140
3386766
3388332
3399916
3403603
3404317
3408552
3409584
3409931
3410170
3412895
3417224
3417520
3418336
3420391
3421898
3423525
3427438
3428235
3432691
3436171
3441415
3442403
3447121
3451129
3453127
3459672
3460350
3465741
3468614
3471268
3475421
3487059
3488557
3493082
3498238
3507086
3508267
3509545
3516412
3520709
3522975
3523314
3533011
3534008
3537304
3537429
3538285
3539195
3539514
3543749
3544937
3545201
3550879
3551574
3560400
3561401
3562116
3562297
3570034
3573700
3575348
3577388
3581321
3584782
3592649
3603485
3606583
3608688
3609577
3609860
3610918
3613299
3624872
3624921
3626596
3627426
3627866
3628164
3633111
3635826
3636359
3637535
3637942
3645191
3647429
3653761
3658850
3659280
3661595
3676081
3677895
3680627
3694568
3695217
3696985
3700724
3700822
3706361
3707826
3709276
3711118
3711293
3712109
3721065
3726719
3728194
3729128
3738559
3741315
3747984
3748936
3749663
3757930
3758991
3768199
3769406
3769541
3770325
3782625
3783008
3783142
3786634
3786916
3793765
3798177
3815494
3816217
3816222
3817175
3819695
3820179
3821571
3822348
3827726
3829074
3831683
3837114
3845675
3847751
3848121
3848672
3849993
3853827
3856382
3858439
3861247
3867469
3871465
3873007
3873573
3873800
3878623
3885942
3888098
3889579
3891622
3891654
3898843
3903977
3904356
3904445
3906376
3907582
3910807
3912796
3913067
3923664
3924028
3927374
3928099
3938028
3943502
3951951
3959290
3959675
3961157
3962895
3967520
3980898
3991948
3992194
3998600
4002345
4004050
4009711
4010007
4010496
4011055
4016831
4017533
4028949
4031510
4035769
4036939
4039513
4040562
4040937
4046589
4054623
4060000
4064740
4069238
4073503
4075056
4076416
4076908
4082108
4096920
4097847
4098915
4101747
4105584
4114939
4115392
4118891
4119332
4122375
4123595
4125393
4132975
4135212
4138436
4139691
4140183
4141012
4141426
4143896
4145120
4149864
4150560
4154081
4159023
4164625
4168512
4171562
4174206
4188288
4189339
4191112
4197406
4203544
4204276
4207218
4209630
4210928
4215104
4236474
4237783
4237940
4238005
4239353
4239725
4246986
4248353
4251723
4252844
4266891
4267018
4269273
4278119
4278552
4281343
4281396
4281940
4284954
4286750
4295879
4308320
4313862
4316916
4317342
4317575
4318080
4322016
4330072
4331619
4333228
4333725
4338513
4341249
4347375
4351730
4351987
4361493
4370985
4373035
4373350
4374158
4378092
4385148
4389700
4389735
4393104
4406612
4406630
4408785
4413965
4414068
4415425
4416945
4417165
4420535
4421958
4425748
4425772
4427792
4431303
4431545
4433944
4434789
4439779
4448507
4457586
4457822
4460966
4463617
4464935
4465649
4467200
4468216
4470773
4471049
4471837
4472429
4473605
4482412
4499111
4501027
4505283
4510961
4511583
4513926
4514811
4517002
4517919
4517925
4518283
4518427
4522765
4524452
4524639
4531244
4543866
4545114
4545140
4557545
4558724
4561666
4567250
4571775
4576627
4576702
4577133
4579072
4579165
4579188
4584454
4584885
4585144
4590261
4593518
4596338
4598784
4599797
4600761
4600811
4601681
4603337
4615193
4619957
4620501
4622022
4622130
4629873
4634485
4635256
4646808
4647761
4652183
4652840
4655639
4659845
4660485
4665282
4674906
4676252
4682890
4688280
4690452
4695362
